3.1056011669465144;0.0	4.01884057677262;0.0	4.314075132888938;0.0	3.8605820044879353;0.0	4.586407645416527;0.0	
3.387787215381794;0.0	4.072499536449017;0.0	4.279732507079683;0.0	4.077925572655072;0.0	4.207989035661266;0.0	
8.514997479218664;0.0	8.409462320378132;0.0	7.964049991159601;0.0	8.013070970422335;0.0	7.856488731422621;0.0	
8.790658879851794;0.0	9.420888674163225;0.0	8.30885589625854;0.0	9.87868297006467;0.0	9.470279612683173;0.0	
7.474318945399198;0.0	8.33198971076198;0.0	7.100478558663755;0.0	9.948657104437984;0.0	8.5429612364608;0.0	
7.0253166150081645;0.0	8.389388506413548;0.0	6.525148067623081;0.0	9.228500503010382;0.0	7.911099967781902;0.0	
9.520091528091585;0.0	9.100456285398824;0.0	9.231034431189727;0.0	8.809217814392737;0.0	7.626464797173195;0.0	
8.116499236153041;0.0	9.879142940978355;0.0	8.672275706948566;0.0	8.818025276655929;0.0	8.324452588833724;0.0	
8.348266116706851;0.0	11.01537074786006;0.0	7.2420677952261165;0.0	7.444748033649235;0.0	8.150118761626809;0.0	
7.201130012376276;0.0	9.29785615269865;0.0	6.876250463506717;0.0	6.88925061539706;0.0	7.055956134842386;0.0	
8.775226077417308;0.0	8.663238582090328;0.0	6.947120915227626;0.0	6.654646537155989;0.0	6.4459595014848565;0.0	
8.345287857552385;0.0	11.13694481528272;0.0	8.871386076770165;0.0	8.387304856521682;0.0	8.282517643505132;0.0	
8.21384118497115;0.0	11.062528877743848;0.0	8.858524655384889;0.0	8.74043354859255;0.0	8.130433431531943;0.0	
5.556361363579223;0.0	9.227184877324516;0.0	7.064175275292162;0.0	6.311088963705083;0.0	6.542646865814628;0.0	
5.637861352645215;0.0	9.602763559784618;0.0	6.758492352976444;0.0	7.1235705337168795;0.0	6.174823325341993;0.0	
7.179501498674031;0.0	9.886656948369396;0.0	7.730931833142921;0.0	9.885215635104252;0.0	9.880143320938666;0.0	
7.507545679324149;0.0	9.027842492576703;0.0	7.360583516823351;0.0	8.287837790451968;0.0	7.948726397557796;0.0	
7.901904475651731;0.0	8.446227187342565;0.0	7.270821527224847;0.0	7.253160976990558;0.0	8.579904065931187;0.0	
8.984431748100967;0.0	9.240546269963026;0.0	7.053619179388683;0.0	6.79270832644961;0.0	7.1193504732687165;0.0	
8.3125907421733;0.0	11.238526999496665;0.0	9.350929439640746;0.0	8.620778814161952;0.0	8.583988597065433;0.0	
8.86613559378391;0.0	10.77492246018568;0.0	9.0523164194796;0.0	9.011574108089974;0.0	7.845835653867922;0.0	
6.879600877310828;0.0	9.181263972733921;0.0	7.452827039557878;0.0	6.574039488309533;0.0	5.909901466646901;0.0	
6.768916625968838;0.0	9.451956614456565;0.0	6.968918082954628;0.0	6.746040803186584;0.0	5.848677731086293;0.0	
5.555573287968086;0.0	9.024937804189992;0.0	6.934743924390234;0.0	5.888567411562175;0.0	5.066642658374919;0.0	
9.310725078338471;0.0	10.147006132730231;0.0	8.995464960953003;0.0	8.583507076937986;0.0	7.849557183797232;0.0	
8.851716123829707;0.0	9.96574042073818;0.0	9.042634726377852;0.0	9.061784784692847;0.0	7.865770543909747;0.0	
7.62203669311312;0.0	8.350615955414016;0.0	7.606972445116999;0.0	7.41223815934896;0.0	7.247367051454349;0.0	
7.7509127597286245;0.0	9.336410308751947;0.0	7.974589759060065;0.0	9.980000996778582;0.0	10.385098221522078;0.0	
8.143980911264318;0.0	8.686696016746101;0.0	7.2631469147448335;0.0	9.390558316396392;0.0	8.866318233027584;0.0	
8.419211457998694;0.0	8.991622992450024;0.0	8.938703920800751;0.0	8.702357960721056;0.0	8.15525748777086;0.0	
8.712387484794968;0.0	10.209258860626015;0.0	9.118458469462139;0.0	8.295172059231858;0.0	7.909163741097729;0.0	
8.493448738937342;0.0	9.98092808028997;0.0	7.238628050402202;0.0	7.066917731849732;0.0	6.916743373780826;0.0	
8.614742958897102;0.0	9.75709728840534;0.0	8.754937193233344;0.0	8.821937221120336;0.0	8.274872987943393;0.0	
8.1459355251213;0.0	10.221819246711744;0.0	7.2473479757330255;0.0	7.4773585706675965;0.0	8.247483775275192;0.0	
6.901841146139379;0.0	7.966559942021259;0.0	6.7472212242563625;0.0	6.568812389025198;0.0	6.521220921083323;0.0	
7.964995158363624;0.0	10.766484793841288;0.0	7.86454709761862;0.0	8.659273701848154;0.0	8.447897167833798;0.0	
8.576062963104798;0.0	10.605378417631439;0.0	9.288234010113198;0.0	8.667004413614638;0.0	8.664204558591939;0.0	
7.377863230169827;0.0	8.56724347934606;0.0	7.037041312378936;0.0	8.550265292122592;0.0	7.787990524884946;0.0	
6.769522651211192;0.0	9.525445339949131;0.0	8.597390609970194;0.0	10.161293979231155;0.0	9.44573203429323;0.0	
7.129284664226561;0.0	8.481373159294106;0.0	7.637042584305107;0.0	8.004359660096796;0.0	7.707426554292447;0.0	
9.021206881288965;0.0	9.41545869730665;0.0	7.7482535271760264;0.0	7.6895221801706235;0.0	8.443254940639378;0.0	
8.90104627464392;0.0	11.233618219728658;0.0	9.196741719641787;0.0	8.999566501698752;0.0	8.971903754448785;0.0	
8.533416890116587;0.0	10.91575963152222;0.0	9.150433818109304;0.0	9.173035552327221;0.0	8.219240566407535;0.0	
6.513733181195063;0.0	9.836208319304871;0.0	7.514645708050427;0.0	6.73410840647422;0.0	7.074350909252085;0.0	
6.413321534724024;0.0	9.652734006732633;0.0	6.751998986629754;0.0	6.530861984577157;0.0	7.100212151068302;0.0	
6.425490024704972;0.0	8.146557978367916;0.0	6.506687638155557;0.0	6.299725683834227;0.0	6.079729615739708;0.0	
8.233919592428029;0.0	9.507000834515484;0.0	9.023915535642425;0.0	9.819209040417455;0.0	9.785239713073068;0.0	
7.36877367257613;0.0	8.747265497528899;0.0	7.171707191023554;0.0	9.254300986871298;0.0	9.203213824530408;0.0	
7.362106151588878;0.0	8.414279496113409;0.0	7.24592890195099;0.0	8.131142837018713;0.0	7.973505649871895;0.0	
7.933993771999505;0.0	9.928182341937328;0.0	9.205232589320094;0.0	9.479492808765535;0.0	10.130539489346631;0.0	
7.535420181266562;0.0	8.951542646745402;0.0	8.094937568924795;0.0	7.5483341063624625;0.0	8.431528594105737;0.0	
7.157410693740014;0.0	8.235608070481536;0.0	6.9535902506535825;0.0	7.372703766396016;0.0	9.448189119987834;0.0	
5.703581791188341;0.0	8.039284644306385;0.0	6.828009869834424;0.0	7.658949502129111;0.0	9.657434420077397;0.0	
5.399934100694869;0.0	7.328492032790946;0.0	6.183340480700556;0.0	7.081936869830624;0.0	8.962329986771795;0.0	
6.058990624736346;0.0	8.934300677829969;0.0	9.003891508673068;0.0	8.902068932020608;0.0	8.767155574061084;0.0	
9.690909759467367;0.0	10.999773067080923;0.0	9.915443296042797;0.0	8.471199898390187;0.0	8.662119456528096;0.0	
8.37181260727778;0.0	11.360152100662475;0.0	9.802339782547316;0.0	8.031147015725324;0.0	8.42596285127782;0.0	
6.3018251528380125;0.0	9.166204848773436;0.0	7.985721369946716;0.0	6.755200666537003;0.0	7.139039739931405;0.0	
7.069075058005714;0.0	9.109129811459324;0.0	7.637962922289315;0.0	6.478799958703143;0.0	6.731571359430766;0.0	
6.8049688977288145;0.0	9.676526123856608;0.0	7.251115157761026;0.0	5.685776366446148;0.0	6.56320743508651;0.0	
5.737585886362196;0.0	8.429452809441642;0.0	7.267106814827283;0.0	5.956162328919575;0.0	5.9537902810180166;0.0	
6.3423242791947985;0.0	8.164838928759206;0.0	6.558470986550107;0.0	5.8728035726340435;0.0	6.289898852006823;0.0	
5.959924481750869;0.0	9.009710145604046;0.0	6.605737320982703;0.0	5.457468821150949;0.0	5.70706220979917;0.0	
5.259332877614336;0.0	8.038861801123426;0.0	5.689553420674994;0.0	5.0420135142578815;0.0	5.547776305853592;0.0	
3.0912913608289037;0.0	7.623207751938587;0.0	5.9716185533226795;0.0	4.757052236958984;0.0	5.0340366464336945;0.0	
4.30300807248232;0.0	8.068198196416807;0.0	6.163018247952894;0.0	4.490076654567066;0.0	4.91021403598842;0.0	
4.527783786430817;0.0	7.61624724539419;0.0	5.842406859115357;0.0	4.199721968219116;0.0	4.484562848876313;0.0	
3.9691739417672705;0.0	6.7192821636563975;0.0	5.2092224814787835;0.0	4.879709043399144;0.0	4.2253981657290325;0.0	
4.147519430286734;0.0	6.858777755700674;0.0	5.206704049886478;0.0	4.505021593033325;0.0	4.275083212498393;0.0	
7.485723795177887;0.0	7.531790689475364;0.0	5.85497745029482;0.0	5.6174297227276835;0.0	5.756367342677997;0.0	
10.421235175222408;0.0	10.279783442063831;0.0	7.316750023145627;0.0	7.666233438760287;0.0	7.13253100095091;0.0	
9.242074523999744;0.0	11.24849057240273;0.0	9.22547019636684;0.0	8.939442264642349;0.0	8.097861218226154;0.0	
7.106309839207277;0.0	9.27262164191303;0.0	7.538020547988969;0.0	6.8701971388531256;0.0	6.3073840525659195;0.0	
6.937626143811344;0.0	8.898295544715875;0.0	6.834497323166308;0.0	6.454914278321365;0.0	5.706683174497183;0.0	
9.113150952953132;0.0	10.102828596272401;0.0	9.473265611139121;0.0	8.757578967643441;0.0	9.289038339778735;0.0	
8.250045207809295;0.0	11.471144254871927;0.0	9.819982430398525;0.0	8.824945085129341;0.0	8.521079502090828;0.0	
7.074013237277896;0.0	9.149096520404575;0.0	7.34580129354062;0.0	6.873320373974528;0.0	6.710169087150897;0.0	
7.02416533106589;0.0	9.786047924051234;0.0	7.587519827550713;0.0	7.014039679920139;0.0	7.377868965658667;0.0	
8.758188266589906;0.0	11.37881191250308;0.0	8.995609602957348;0.0	7.725277626495392;0.0	8.845310791312976;0.0	
8.916910214719152;0.0	11.635169418422002;0.0	9.432084052408074;0.0	7.400006941483341;0.0	8.596628250408669;0.0	
9.004682236404092;0.0	10.102435895494356;0.0	8.274742400868716;0.0	7.375914261175292;0.0	8.053353535425702;0.0	
8.821505894693985;0.0	11.020641351279284;0.0	8.851950007435944;0.0	6.815116419486378;0.0	8.099282522154681;0.0	
7.86407657718454;0.0	10.536419859424392;0.0	8.856548473515385;0.0	6.84166067477942;0.0	7.557655346407193;0.0	
5.881125930281747;0.0	9.435357590643838;0.0	7.772797472192563;0.0	6.53277636035782;0.0	6.419014372358239;0.0	
7.375200071960784;0.0	10.239649835972084;0.0	8.450664813319595;0.0	6.38372817736658;0.0	7.394720683005903;0.0	
7.360909280262076;0.0	9.476713216892161;0.0	7.556390379752635;0.0	6.016991246330332;0.0	6.522114810351097;0.0	
6.303326573158506;0.0	9.181296046213129;0.0	7.320067488732416;0.0	5.423349200903134;0.0	6.521274043110878;0.0	
4.91762867407372;0.0	9.799267176760901;0.0	7.6829765557886045;0.0	7.073413966650823;0.0	6.729394350880036;0.0	
7.008224511853595;0.0	8.691835664976933;0.0	6.9608289529351195;0.0	7.616925162276501;0.0	8.090121114540752;0.0	
4.693287999487323;0.0	8.729431617070317;0.0	7.89889874672463;0.0	7.728267603007677;0.0	8.089634240022242;0.0	
4.8925795103872;0.0	8.894670391393522;0.0	6.041203123170608;0.0	5.641839031769662;0.0	5.48228336615119;0.0	
6.6682667782095955;0.0	10.573962728735074;0.0	8.957982037881749;0.0	7.840303628777042;0.0	8.177497672662165;0.0	
5.893664203885102;0.0	8.03286311825922;0.0	6.059548441597152;0.0	4.706803457045165;0.0	5.618622922911884;0.0	
6.239289388964041;0.0	7.985857343595092;0.0	7.036087863180135;0.0	6.566637399845526;0.0	7.042175849041203;0.0	
10.506085197531934;0.0	10.785492159950895;0.0	10.726237174614294;0.0	9.79964097214782;0.0	8.686311802393616;0.0	
8.360169218170677;0.0	10.310141398836558;0.0	11.52939145416796;0.0	10.006216049222182;0.0	8.971114122146721;0.0	
8.727244434308705;0.0	11.144403742947356;0.0	10.748946772149642;0.0	10.229460517638172;0.0	10.488157199177614;0.0	
8.96976012349397;0.0	10.741321653526994;0.0	9.46093248938113;0.0	9.24955889519097;0.0	10.053240259724932;0.0	
10.511659856185597;0.0	10.468421583221874;0.0	9.675644835526354;0.0	9.13554014328736;0.0	9.693008755134072;0.0	
8.533707802351316;0.0	11.342661003475788;0.0	9.749890462339525;0.0	9.399808422467121;0.0	9.321146211628951;0.0	
7.490877598583244;0.0	9.478325535459387;0.0	8.82167405912761;0.0	8.555382077305092;0.0	8.330672962382547;0.0	
7.576510833929118;0.0	9.420692599774664;0.0	8.449237364442213;0.0	7.934437319459742;0.0	6.152061702154661;0.0	
9.502656975569165;0.0	10.224223156175162;0.0	9.189148301874756;0.0	9.015221292592798;0.0	8.8203957162021;0.0	
8.801957068242729;0.0	11.184856126229283;0.0	9.605576785247207;0.0	9.566168277037075;0.0	8.378866655303838;0.0	
9.02636159850706;0.0	10.91820073270598;0.0	9.783344187770151;0.0	9.109995444630739;0.0	8.474446474613348;0.0	
8.436150552118136;0.0	10.879315631457581;0.0	9.860362221617276;0.0	8.711673626807414;0.0	8.415851791261014;0.0	
8.128605593050723;0.0	10.864036115196853;0.0	10.006297348497517;0.0	8.753770336732162;0.0	7.92395426695871;0.0	
8.272649705379225;0.0	10.703936550172545;0.0	10.079912561949955;0.0	8.923360784209276;0.0	8.35146725279511;0.0	
8.023182668359896;0.0	10.666691739837777;0.0	9.849741683724805;0.0	8.962235749011821;0.0	8.344909362230839;0.0	
8.875284908388952;0.0	10.52507402949002;0.0	9.650134604438431;0.0	8.849076858156112;0.0	6.8238022961466775;0.0	
9.108228296875152;0.0	10.265034119605616;0.0	9.569084217874122;0.0	9.046384481572453;0.0	8.178591425906143;0.0	
8.421609458899606;0.0	10.428188970232751;0.0	9.86965970407738;0.0	9.18242484486028;0.0	8.326541102222404;0.0	
8.382851656852806;0.0	10.692812780280608;0.0	8.585778089837007;0.0	8.756431081067074;0.0	8.181588379098281;0.0	
8.922690099467594;0.0	10.175113484017736;0.0	9.014245442565567;0.0	9.584337334113307;0.0	8.694488308508395;0.0	
8.718423176589738;0.0	10.050515694300033;0.0	9.105856339088106;0.0	9.683021522323365;0.0	8.55838794976679;0.0	
9.606855434360156;0.0	9.666996515013988;0.0	9.370519450992488;0.0	8.753973234263485;0.0	8.267670850424903;0.0	
9.019141348772687;0.0	11.04855291323809;0.0	9.866037670294785;0.0	9.983400106638177;0.0	9.803406254952726;0.0	
8.345847308647928;0.0	10.435669874876988;0.0	10.560031905886316;0.0	9.774765657089723;0.0	9.034068627118273;0.0	
8.427594862138863;0.0	10.50673164496038;0.0	10.368832447599992;0.0	10.167388373938373;0.0	8.48368143008606;0.0	
7.905922236828681;0.0	10.561067588906806;0.0	9.511419909804959;0.0	8.829267639253713;0.0	8.046438576891173;0.0	
9.876062727211849;0.0	10.35182325544509;0.0	10.024569137832584;0.0	9.261205833850736;0.0	10.226112761579339;0.0	
9.598490138077011;0.0	10.493009653296735;0.0	9.642931739947437;0.0	9.126355570293756;0.0	10.681765664211492;0.0	
9.639066730230155;0.0	10.381560155304207;0.0	9.395449447396517;0.0	8.6935399714587;0.0	8.907908928058184;0.0	
8.74922971504808;0.0	10.316777558060279;0.0	9.46195183752265;0.0	8.38676807762888;0.0	7.831848442964442;0.0	
8.296216619950606;0.0	10.178129603435297;0.0	9.253026674522893;0.0	8.328630103768235;0.0	7.830499579118364;0.0	
7.096556836123983;0.0	10.097532962847843;0.0	9.23381933236257;0.0	8.524611241181663;0.0	7.984216349225012;0.0	
5.917338333640383;0.0	10.014169016146422;0.0	9.029095974644727;0.0	8.244152972609115;0.0	7.643787486284181;0.0	
7.078726094903361;0.0	9.915457973325926;0.0	8.989598480336335;0.0	7.979295419103186;0.0	7.878806053608088;0.0	
7.467028960280175;0.0	9.727867621799476;0.0	8.978221332826108;0.0	8.266272579861411;0.0	7.675542557632909;0.0	
9.367036287961064;0.0	10.82508685591829;0.0	9.384165075127855;0.0	9.59193722817067;0.0	9.465743631910781;0.0	
8.55756069455548;0.0	10.47977752688189;0.0	9.22308536850567;0.0	9.544923398317358;0.0	8.97139077650496;0.0	
8.905170388810717;0.0	10.46502304567639;0.0	9.996098551536932;0.0	9.444143336026745;0.0	8.351672894212728;0.0	
8.731860264073266;0.0	10.544103279745809;0.0	10.215086512164756;0.0	9.452012971900125;0.0	9.406534642474355;0.0	
9.17992993426318;0.0	10.651834866333123;0.0	9.96218244290313;0.0	8.95388642889969;0.0	9.094439898777761;0.0	
9.229784768434666;0.0	10.786946093654986;0.0	10.036276422181231;0.0	9.058291653512562;0.0	8.769745592860614;0.0	
8.33617293125566;0.0	11.266929355084237;0.0	10.315145359180725;0.0	9.53301244741169;0.0	8.888445368856747;0.0	
8.247348986952696;0.0	10.061215382986417;0.0	9.94014943633169;0.0	8.749821496820033;0.0	7.892465651392448;0.0	
9.880692092244937;0.0	10.10002074990541;0.0	9.184237715927885;0.0	9.744939335724492;0.0	8.876852570321867;0.0	
7.626595558551682;0.0	10.593153205535641;0.0	9.550009670433846;0.0	9.670936566336833;0.0	10.056280805425626;0.0	
8.75738292050543;0.0	10.332078158596747;0.0	9.617047169021376;0.0	9.642954496218106;0.0	9.57802707966138;0.0	
9.043582332083234;0.0	10.220962144151578;0.0	9.940821078023669;0.0	9.149605125526486;0.0	8.567860255010794;0.0	
9.60186405132246;0.0	9.917714274033942;0.0	9.762030767786252;0.0	9.343535685663662;0.0	10.31485855566332;0.0	
9.027242587299957;0.0	10.61461284852539;0.0	9.902478064631193;0.0	9.535828155153865;0.0	10.877983251199645;0.0	
10.214345196384668;0.0	9.87277361602675;0.0	9.776945278083335;0.0	8.86356863993389;0.0	9.509916187444128;0.0	
9.364150383658034;0.0	10.310549512580971;0.0	9.689701635990264;0.0	8.90109812496644;0.0	7.084433253506179;0.0	
9.715854086242741;0.0	9.985297481404212;0.0	9.10525146624699;0.0	9.48644348030114;0.0	8.533219022286676;0.0	
8.524418853641947;0.0	10.654174125816205;0.0	9.458351851843968;0.0	9.44022872035193;0.0	8.806394870868944;0.0	
8.396674193045483;0.0	10.538780637908532;0.0	9.801758120242791;0.0	9.17366595083301;0.0	8.986086929090575;0.0	
9.096753031613547;0.0	10.428878752358303;0.0	9.868641910825014;0.0	9.06343798950492;0.0	8.645156782240925;0.0	
9.039145030657881;0.0	10.387421061356903;0.0	10.112762688735565;0.0	8.69708210069564;0.0	8.540012873716782;0.0	
8.61364213437882;0.0	10.03732939895548;0.0	10.112124442558144;0.0	8.65220623444155;0.0	8.108719275524258;0.0	
8.58581276038204;0.0	9.925190166646088;0.0	9.8202178129078;0.0	8.826580546631813;0.0	7.634650741576951;0.0	
8.464601123490127;0.0	9.844749725937227;0.0	9.668080610417991;0.0	8.930261158689493;0.0	7.261504333959803;0.0	
8.359550022860828;0.0	10.235141745139877;0.0	9.543199996202855;0.0	8.903722300241252;0.0	7.657999490638621;0.0	
7.740993316754007;0.0	11.059343826769148;0.0	10.504945620504957;0.0	9.004178533927377;0.0	8.404186708350387;0.0	
8.511862630451246;0.0	9.242049682353095;0.0	9.791370311507064;0.0	8.36244552906247;0.0	7.038798574374397;0.0	
9.201478598797248;0.0	10.607630489832811;0.0	10.044016650093006;0.0	10.384738695053706;0.0	7.984721856500629;0.0	
8.59916813508477;0.0	10.37045167673382;0.0	9.445672168049363;0.0	9.83728498831715;0.0	8.381577211541103;0.0	
9.17566779129303;0.0	9.160507599179093;0.0	8.507310789825059;0.0	8.144620711111154;0.0	8.067270817729414;0.0	
10.020952003040948;0.0	10.890161840048304;0.0	9.960044481841722;0.0	9.688647674235375;0.0	9.15544914045055;0.0	
9.441428353764888;0.0	11.205530906285844;0.0	9.453789795963916;0.0	9.589301344481875;0.0	10.243804518443248;0.0	
8.376012643350562;0.0	11.582039943585654;0.0	9.903686777840889;0.0	9.902413437896236;0.0	9.859536298263036;0.0	
7.799764485600193;0.0	11.311617225458004;0.0	9.75600322381326;0.0	10.541142503251727;0.0	9.140944061142916;0.0	
8.302559675019547;0.0	10.62975090168072;0.0	9.659061810825;0.0	9.149235140105347;0.0	8.170577314374029;0.0	
9.339849470859725;0.0	10.650222960568566;0.0	9.642426762860701;0.0	9.45925803208161;0.0	9.504483976758811;0.0	
8.55057872732456;0.0	10.445826369613737;0.0	9.642070772692868;0.0	9.025578121206943;0.0	10.292598198179748;0.0	
8.434044543509236;0.0	10.875628502682293;0.0	9.61262526151201;0.0	8.957768900320694;0.0	10.313541338497282;0.0	
7.350411072444514;0.0	10.206761714553886;0.0	9.271266148894052;0.0	9.134126759258717;0.0	10.374219065016879;0.0	
8.42422153139624;0.0	10.233785889164038;0.0	9.111674729595137;0.0	8.570721475269;0.0	8.100500499298885;0.0	
8.727720001203728;0.0	10.213666209978602;0.0	9.246055085885933;0.0	8.18258231240913;0.0	7.373923049344552;0.0	
8.615916632833066;0.0	11.490484924182299;0.0	10.536168822919096;0.0	9.461819740288272;0.0	8.709572795482357;0.0	
7.845925710868539;0.0	11.779305750750902;0.0	10.334857237248274;0.0	9.772439327148527;0.0	8.911444371547873;0.0	
7.984967937199142;0.0	11.38948105613228;0.0	10.793660710548203;0.0	10.724091253635686;0.0	9.364314498033199;0.0	
8.238644201526148;0.0	11.148951437582266;0.0	11.090522640749482;0.0	10.302517183563294;0.0	9.710269715945973;0.0	
7.002649118597705;0.0	10.978123788890656;0.0	10.017436869547183;0.0	9.41026358560318;0.0	8.583337339284236;0.0	
8.648907985740582;0.0	10.82033060446645;0.0	10.012716734229912;0.0	8.940929640636787;0.0	9.241852857019545;0.0	
8.577758635475618;0.0	10.76661690458368;0.0	10.348605335653161;0.0	9.332988760450545;0.0	8.010695602908111;0.0	
8.30172695974964;0.0	10.173016109205971;0.0	10.037482811720427;0.0	8.926703821486266;0.0	8.668849731063583;0.0	
7.662114856024497;0.0	9.764357960411918;0.0	10.773593918367405;0.0	8.50862073958649;0.0	9.298923790870894;0.0	
8.451858454852346;0.0	10.506057681459408;0.0	10.106373991422542;0.0	8.575936065086497;0.0	9.032677863846072;0.0	
8.995822630731809;0.0	10.793372220224443;0.0	9.648206067253401;0.0	9.465909153576801;0.0	8.607253365218163;0.0	
8.716320911077052;0.0	10.52955094125273;0.0	9.431060781578084;0.0	9.721190243473746;0.0	8.910159006347362;0.0	
7.965023681844414;0.0	10.321746292464953;0.0	9.745215932023543;0.0	9.367816015443072;0.0	9.039277040043917;0.0	
8.791404673790172;0.0	10.17946491951904;0.0	9.886127422795271;0.0	8.986721520273594;0.0	8.562140009368045;0.0	
8.781222139628035;0.0	10.092446894366786;0.0	9.965763960712176;0.0	8.808123776570586;0.0	8.575542683487148;0.0	
9.017326414693157;0.0	9.7915979079295;0.0	9.918088857781397;0.0	8.770282789196974;0.0	8.966795981960528;0.0	
9.109017663333175;0.0	9.811865720212255;0.0	9.763187794387019;0.0	8.617275109341083;0.0	9.000585991689416;0.0	
9.103709450758247;0.0	9.804276332248051;0.0	9.543691328914445;0.0	8.894082441462652;0.0	7.5058860352935035;0.0	
8.948051170054198;0.0	9.584356511833041;0.0	9.365782046508006;0.0	8.71948348718049;0.0	7.310069988356408;0.0	
8.868202023174701;0.0	9.391169257673619;0.0	9.214704082500345;0.0	8.187108146579444;0.0	7.28561565494886;0.0	
8.499232672311598;0.0	9.25301147003741;0.0	9.028350708608905;0.0	7.954103784925827;0.0	7.087073652051466;0.0	
8.425879095908394;0.0	9.12073784127718;0.0	8.987001765168985;0.0	7.644449757964015;0.0	6.923075089157039;0.0	
8.14767080525633;0.0	9.043076238478859;0.0	8.657785617647484;0.0	7.654293068656932;0.0	6.692803705583792;0.0	
7.965670773602563;0.0	8.972877405561913;0.0	8.259443865713168;0.0	7.934870383558178;0.0	6.9633654232859055;0.0	
7.7151261313008295;0.0	8.735637231842146;0.0	8.671121029479124;0.0	7.937921958871442;0.0	6.4092335775186084;0.0	
7.309861571690653;0.0	8.570526331666288;0.0	8.238613752871903;0.0	7.974957162472886;0.0	6.879707777109748;0.0	
6.740323341481451;0.0	8.539106374968934;0.0	8.194620101241961;0.0	8.034206248174817;0.0	9.387227276430801;0.0	
6.638267231579158;0.0	8.388772179187889;0.0	8.211238060160925;0.0	8.08059299728903;0.0	9.160645607177694;0.0	
7.179038049114477;0.0	8.441475577463349;0.0	8.05164765432471;0.0	7.59098704176699;0.0	8.91749057359182;0.0	
9.296926177902277;0.0	10.458640075168448;0.0	9.997634960321884;0.0	9.202404619073494;0.0	9.101015227776912;0.0	
8.57008617524015;0.0	10.499580049477943;0.0	10.014272377157694;0.0	9.322497027210153;0.0	9.12042760628707;0.0	
9.46066146826513;0.0	10.582323406527857;0.0	9.777768504249226;0.0	9.151746485787765;0.0	8.767841034897485;0.0	
9.17226499663444;0.0	10.864061125334047;0.0	9.779352270706656;0.0	9.046848174475805;0.0	8.16344912760182;0.0	
9.116469962088996;0.0	11.342471440664777;0.0	10.299834234752597;0.0	8.707070551659527;0.0	8.190372315117074;0.0	
7.251203691237574;0.0	10.582662702260182;0.0	9.826757065539171;0.0	8.7887188227809;0.0	7.438984219285404;0.0	
7.692332927937537;0.0	10.270628504320754;0.0	9.638983655670138;0.0	8.731023445053147;0.0	7.869394545557758;0.0	
8.171963999604808;0.0	10.402865878801142;0.0	9.60205173318883;0.0	8.424306607906319;0.0	8.230652808586282;0.0	
8.714387177714382;0.0	10.30073873623125;0.0	9.302837424820808;0.0	8.31303067207393;0.0	9.233152587406211;0.0	
8.208804376112958;0.0	10.028056583463844;0.0	9.229733534122895;0.0	8.486435015578685;0.0	8.802443080801753;0.0	
7.713613699685331;0.0	10.002561423235194;0.0	9.049289064205876;0.0	8.028752634045027;0.0	8.033877730028081;0.0	
8.02896141176365;0.0	9.840735525979344;0.0	9.668700049287962;0.0	8.4615578882644;0.0	7.726751171467622;0.0	
7.820714060984759;0.0	9.804253594771327;0.0	8.886327685857038;0.0	7.862222319398701;0.0	7.558794599057451;0.0	
10.227979961985024;0.0	9.992460440437581;0.0	9.173061286750826;0.0	9.864262180182301;0.0	8.482164093606164;0.0	
9.690927031966334;0.0	11.11215226290192;0.0	10.296693956923782;0.0	9.043660696942588;0.0	8.825858694183053;0.0	
7.287982267925229;0.0	11.25257422053207;0.0	9.415492336062023;0.0	9.79880874434716;0.0	8.346606486503317;0.0	
5.76825800219287;0.0	11.725439333678748;0.0	10.051225323961933;0.0	10.003157872292688;0.0	8.985603273261498;0.0	
6.764861335701524;0.0	11.434185032095558;0.0	10.94506690605902;0.0	11.103508963388839;0.0	8.820811081179377;0.0	
6.925784446309624;0.0	8.695376114399277;0.0	9.035436865888997;0.0	8.329909773902484;0.0	6.8034923622659385;0.0	
9.89544158233785;0.0	10.356111437255215;0.0	10.052130267857034;0.0	9.639753051961193;0.0	9.42541584603578;0.0	
8.279796931066029;0.0	8.668392737863428;0.0	9.639891230562535;0.0	8.935913374400217;0.0	8.034799809829703;0.0	
9.142944575155889;0.0	9.201304344560537;0.0	9.266751912599732;0.0	10.116803989700609;0.0	8.671158021773573;0.0	
9.987940779513767;0.0	10.661887486134834;0.0	9.508067116630201;0.0	9.514301960647304;0.0	10.70712539716888;0.0	
8.203931100782377;0.0	9.744651404269215;0.0	8.968228924257764;0.0	8.777402406512783;0.0	10.721822539025789;0.0	
9.731323988043464;0.0	9.805827627277356;0.0	9.161533392538953;0.0	8.958045563535553;0.0	10.342782125081307;0.0	
9.189412352113937;0.0	10.374688518194208;0.0	9.69478025989779;0.0	9.260209060867298;0.0	11.377005694256411;0.0	
9.208846166940564;0.0	10.297991400359443;0.0	9.63927635096877;0.0	9.55117186824845;0.0	10.804133141070759;0.0	
7.6565744480067925;0.0	10.190698465939626;0.0	9.679761114938104;0.0	9.295731196219046;0.0	10.714751321621645;0.0	
9.720038548350736;0.0	10.983528467003163;0.0	9.729847483794554;0.0	8.717216139778687;0.0	9.867735531992595;0.0	
8.996863649050537;0.0	10.551019553995078;0.0	9.699511880413048;0.0	8.298369474342273;0.0	8.75925770344049;0.0	
9.089103100735947;0.0	9.765265619132768;0.0	9.694309666004377;0.0	8.540394940354188;0.0	9.081755466633748;0.0	
9.20312462188486;0.0	9.74567086599853;0.0	9.557049913998398;0.0	8.733544870151864;0.0	7.682138610875169;0.0	
8.980670175181631;0.0	9.566179104085341;0.0	9.38007471857814;0.0	8.643129931387042;0.0	7.4048114408025665;0.0	
8.803748837284376;0.0	9.341656849355449;0.0	9.18395472851669;0.0	8.152756871369489;0.0	7.028240454976059;0.0	
8.445435513945869;0.0	9.237281188148899;0.0	9.029719846575615;0.0	8.065739969450345;0.0	7.047472268410129;0.0	
8.26069107142113;0.0	9.101224222901932;0.0	8.659565798262657;0.0	8.448309036499436;0.0	7.615306154796277;0.0	
8.18065024589219;0.0	8.918334275882534;0.0	8.596548604344507;0.0	7.914062800046023;0.0	6.9007244792474705;0.0	
7.840645072660511;0.0	8.902830394235059;0.0	8.482541458687166;0.0	8.315546575592927;0.0	7.892485176104546;0.0	
8.18668877754386;0.0	11.828406134376396;0.0	9.783712359700013;0.0	10.363177575246215;0.0	9.000084251392689;0.0	
8.024471136860795;0.0	11.507196299664768;0.0	10.350580301893613;0.0	10.783631435492685;0.0	8.775343404985017;0.0	
7.690615713385197;0.0	10.00953056632541;0.0	10.106589137534561;0.0	10.22767986402305;0.0	9.14286520515815;0.0	
7.738262647290272;0.0	9.231618008669003;0.0	10.350471554726356;0.0	10.392912335965482;0.0	8.897214470355586;0.0	
6.74012286981158;0.0	8.368463954232624;0.0	7.697306091737226;0.0	7.809747472547708;0.0	7.216250905846528;0.0	
9.31844535395395;0.0	10.713586860798857;0.0	8.903908872976908;0.0	9.177116280212152;0.0	8.618069608546143;0.0	
8.686217115341329;0.0	10.829761834266318;0.0	9.678382438467512;0.0	9.202524364081267;0.0	8.52970677714089;0.0	
8.819314819676617;0.0	11.19030203804688;0.0	9.922938528359396;0.0	8.728665873392629;0.0	9.18160442072554;0.0	
7.371405973395291;0.0	11.365247696664243;0.0	9.76894561640489;0.0	9.256953426726229;0.0	8.774089546835052;0.0	
7.941399955596903;0.0	11.777574528290783;0.0	9.495777789227793;0.0	8.719006840905681;0.0	8.301155725953842;0.0	
8.449422861215002;0.0	11.590270391641365;0.0	9.545964642059687;0.0	8.508235851050422;0.0	8.568990003172246;0.0	
8.080814066388207;0.0	10.908329175486088;0.0	9.700878701040779;0.0	8.224119469533337;0.0	8.304010445508235;0.0	
9.230850569783623;0.0	10.116312973748975;0.0	9.751711102726052;0.0	8.237665136660803;0.0	8.826391000591949;0.0	
